Log Likelihood = -8783.27009019184;
Global Parameters:
pnG=0.2497025521685315;
pnA=0.2130770027030125;
pnC=0.2739077663904123;
mu=0.7976647622860477;
exchCT=9.740170601659253;
exchAG=9.176199064094718;
exchAT=0.9826968647141131;
exchGT=0.6639567166409567;
exchCG=1.510742238537436;
pnT=1-(pnG+pnA+pnC) = 0.2633126787380438;

Tree Tree_newick=(Nomascus_siki:0.004095015365202605,(Symphalangus_syndactylus:0.004905652653097517,Hylobates_agilis:0.005884960005136097)SymphalHylobat:0.0005478391181590295,(Pongo_pygmaeus:0.01329074612805593,(Gorilla_gorilla:0.005772218114412928,(Homo_sapiens:0.004992244953888588,Pan_paniscus:0.004371218238409653)Homo_saPan_pan:0.0009593392056760915)GorilHomo_Pan_p:0.006300575267164384)PongGoriHomoPan_:0.002516837258344684);
